17.93416332001688
19.00315423924931
19.06467508952247
20.486665300863073
22.00627412425649
24.613850572789687
27.183003024016582
27.870649398561365
30.335069384698507
33.14332790227239
33.932501364758345
35.41577670378779
35.84739779853451
38.23853694413712
40.61630074925326
42.017480841724996
43.992280957413996
45.4409169964544
46.823080681098574
47.543761219100006
50.1847939004712
51.254311013842255
53.871672363626885
54.3045568535171
55.72254521230093
57.335065363091495
59.35919713144031
60.04637037380131
60.75533499345462
63.06135175818217
63.574846178125995
66.44203633972634
67.17644334890967
69.69843350377333
70.33202040534489
70.4
70.4
68.8703974698378
69.66946857616625
70.29203094020731
69.4737687759313
69.98260733321274
69.64615946326502
70.4
69.43423749541223
69.84882436300197
70.26046872571119
70.22103298120105
68.59206800939968
69.7903249277711
70.10655549833933
70.36428028607007
70.5491370110826
70.77135956072622
70.88710561351598
70.98424529396793
71.28867082870667
71.62812613007108
71.98847355950613
72.01022402212702
72.43193690422169
72.81586896015435
73.31158699433932
73.71379801342586
74.09322783015108
74.19130784068535
74.62193418053914
74.83199441574573
74.93869050958996
75.2071620833663
75.3157314512621
74.98593122514698
75.10989493620083
75.1703942690842
75.18209583140484
75.23699038228183
75.05933577098004
74.8003661346047
74.85314173580603
75.03986535996123
75.43205726883954
75.66008498670227
76.10010348528697
76.36775219761533
76.68177891354694
77.32816875805742
77.35626864373543
77.53845734830033
77.75462615107085
78.52570758591858
79.05006419486875
79.20307161828347
79.76521850234698
80.17210829557754
79.42589496062912
79.69290360158188
80.16259639073625
79.08340697382731
79.47135576300452
79.94274266217569
