14.04317079609833
16.329444341486443
17.71267976729667
19.113294824174368
20.707140086483545
22.900199430610964
25.880467048652914
27.622155711196132
27.76839997930414
28.27846363433478
29.345539426857293
29.584728497573437
30.839690096986697
31.210108297203508
33.59716914340686
33.707252984683606
34.23473207445681
36.256519738196275
38.38419630675749
40.53318183217269
43.31967693008343
43.706904525820455
46.23001809894253
47.46293533545029
48.03610359010766
48.960130826433364
50.12325903173594
50.39491442960698
52.313516334430865
53.13553310722804
55.73213845536512
58.05780517766472
60.05233779052826
60.1770117786556
61.19356992060189
61.3963349303075
62.804881969588266
65.36179533361998
66.3229994474103
68.15707303909227
66.43350815744918
66.69005501365318
68.4
68.4
67.44093720279415
66.43769498854557
67.76105922904227
67.56214451284903
68.4
67.90001715493737
68.21922455262383
68.31514979291181
68.48907285282657
68.97819701415584
69.11202618761628
69.1231009580575
69.12768576191546
69.41433147821488
69.58163503258781
70.05793835445796
70.51015673569908
70.55180066332218
70.79450381074895
71.20698868468077
71.39458681256463
71.60209942290881
72.09720824878634
72.11902083491616
72.53558549289444
72.53996008404145
72.819642157394
72.95738637959636
73.29079469915231
72.61122930818902
72.92317151521361
73.15185803916089
73.26588048501353
72.53951280783447
72.85063627164065
73.09461663821776
73.9598054688231
74.35688962499914
74.69925779356828
75.24477617605763
75.85733109797732
75.93532352520363
76.46155010716794
76.68455520363324
76.96441192292936
77.68022328121006
78.17294425127953
76.56067915483065
77.26558955018152
77.4283269555549
77.46565887089287
77.52261696502651
78.0559284763581
78.21407730801268
78.4
76.48830830321036
