12.247075172437476
12.32386014309652
15.098673667413756
18.02904009481797
18.080122617804168
18.15125839341313
19.48518501893284
20.90594657040804
21.827636787819678
24.429507469814595
26.524740494592546
27.221681599345455
30.15791917940246
32.21488043275896
33.39841483669396
34.80443055228245
37.58639604276569
38.468894966255036
40.40044976399693
42.04940210878294
43.97787980367407
44.06283464524475
46.270551330304954
48.2908904152667
50.933132801393995
52.52048583792382
53.36001593243363
56.05034015752727
58.94721495474913
60.5121007161635
60.707603500943875
62.596011222144654
64.32053876715044
65.11631210406298
66.08886056040485
64.86343395698674
65.94338545732634
66.01488211065144
66.21390997350797
66.4
66.17489334802264
65.6428921677421
66.0555852936085
66.4
66.4
65.31701504070985
65.59751526476654
65.58670656342359
64.82270141386441
65.84406044511411
65.95762599096497
66.40473077345793
66.77631516714882
67.00371354363914
67.42018021095762
67.77858755892406
68.0836132875979
68.30481087982331
68.47946481855868
68.5017312860226
68.6932577993464
68.77139995018462
69.10212721944352
69.35967478833754
69.39362872620242
69.74946359458116
69.87197576049702
70.05216805371867
70.13261596488186
70.46400033626568
70.65042848579328
70.75689125498462
71.03606112824436
70.83966412908985
71.02814328847654
70.9296065434662
71.17335036262241
70.66457614955193
71.1249525422112
71.33124681232745
71.5413442270916
71.76843951167446
72.58085331323235
72.78214250992424
72.89487626609541
72.93619067430592
73.64950906717765
74.2311825191483
74.61910500083454
75.48645594170141
75.98917982693544
76.27765610232751
75.66092065855537
75.66561653839052
76.4
75.42145093113912
75.82907676792748
76.30000459354903
75.93649300646334
75.95835109867834
